11. d
12.
13.
14.b)58
0	0	0	0	0	0	0	0	0	0	0	0
0	0	1	0	1	0	1	0	1	0	1	0
0	1	0	1	2	0	1	2	0	1	2	0
0	0	1	0	1	2	3	0	1	2	3	0
0	1	2	1	0	1	2	0	4	0	1	2
0	0	0	2	1	0	1	2	3	4	5	0
0	1	1	3	2	1	0	1	2	3	4	5
0	0	2	0	3	3	1	0	1	2	3	4
0	1	0	5	4	3	2	1	0	1	2	3
0	0	1	2	0	4	3	2	1	0	1	2
0	1	2	3	1	5	4	3	2	1	0	1
0	0	0	0	2	0	3	4	3	2	1	0
15. returneaza 0 <-> are un numar egal de cifre pare si impare
numere de doua cifre 20+25=45
    prima cifra para a doua impara--> 4*5=20
    prima cifra impara a doua para -->5*5=25 
numere de 3 cifre -->niciunul 
numere de 4 cifre 78 -->1001 1003 1005 1007 1009 1010 1012 1014 1016 1018 1021 1023 1025 1027 1029 1030 1032 1034 1036 1038 1041 1043 1045 1047 1049 1050 1052 1054 1056 1058 
                     1061 1063 1065 1067 1069 1070 1072 1074 1076 1078 1081 1083 1085 1087 1089 1090 1092 1094 1096 1098 
                     1100 1102 1104 1106 1108 1120 1122 1124 1126 1128 1140 1142 1144 1146 1148 1160 1162 1164 1166 1168 1180 1182 1184 1186 1188 
                     1201 1203 1205
      78+45 =123 
      R:A
